drop function db_app.fn_id;
delimiter $$
create function db_app.fn_id()
RETURNS char(20)
deterministic
BEGIN
declare _result char(20);
declare _A char(1);
declare _B char(1);
declare _C char(1);
declare _D char(1);
declare _E char(1);
declare _F char(1);
declare _G char(1);
declare _H char(1);
declare _I char(1);
declare _J char(1);
declare _K char(1);
declare _L char(1);
declare _M char(1);
declare _N char(1);
declare _O char(1);
declare _P char(1);
declare _Q char(1);
declare _R char(1);
declare _S char(1);
declare _T char(1);

set _A = (select char(elt(round(rand()*61)+1,48,49,50,51,52,53,54,55,56,57,65,66,67,68,69,70,71,72,73,74,75,76,77,78,79,80,81,82,83,84,85,86,87,88,89,90,97,98,99,100,101,102,103,104,105,106,107,108,109,110,111,112,113,114,115,116,117,118,119,120,121,122)));
set _B = (select char(elt(round(rand()*61)+1,48,49,50,51,52,53,54,55,56,57,65,66,67,68,69,70,71,72,73,74,75,76,77,78,79,80,81,82,83,84,85,86,87,88,89,90,97,98,99,100,101,102,103,104,105,106,107,108,109,110,111,112,113,114,115,116,117,118,119,120,121,122)));
set _C = (select char(elt(round(rand()*61)+1,48,49,50,51,52,53,54,55,56,57,65,66,67,68,69,70,71,72,73,74,75,76,77,78,79,80,81,82,83,84,85,86,87,88,89,90,97,98,99,100,101,102,103,104,105,106,107,108,109,110,111,112,113,114,115,116,117,118,119,120,121,122)));
set _D = (select char(elt(round(rand()*61)+1,48,49,50,51,52,53,54,55,56,57,65,66,67,68,69,70,71,72,73,74,75,76,77,78,79,80,81,82,83,84,85,86,87,88,89,90,97,98,99,100,101,102,103,104,105,106,107,108,109,110,111,112,113,114,115,116,117,118,119,120,121,122)));
set _E = (select char(elt(round(rand()*61)+1,48,49,50,51,52,53,54,55,56,57,65,66,67,68,69,70,71,72,73,74,75,76,77,78,79,80,81,82,83,84,85,86,87,88,89,90,97,98,99,100,101,102,103,104,105,106,107,108,109,110,111,112,113,114,115,116,117,118,119,120,121,122)));
set _F = (select char(elt(round(rand()*61)+1,48,49,50,51,52,53,54,55,56,57,65,66,67,68,69,70,71,72,73,74,75,76,77,78,79,80,81,82,83,84,85,86,87,88,89,90,97,98,99,100,101,102,103,104,105,106,107,108,109,110,111,112,113,114,115,116,117,118,119,120,121,122)));
set _G = (select char(elt(round(rand()*61)+1,48,49,50,51,52,53,54,55,56,57,65,66,67,68,69,70,71,72,73,74,75,76,77,78,79,80,81,82,83,84,85,86,87,88,89,90,97,98,99,100,101,102,103,104,105,106,107,108,109,110,111,112,113,114,115,116,117,118,119,120,121,122)));
set _H = (select char(elt(round(rand()*61)+1,48,49,50,51,52,53,54,55,56,57,65,66,67,68,69,70,71,72,73,74,75,76,77,78,79,80,81,82,83,84,85,86,87,88,89,90,97,98,99,100,101,102,103,104,105,106,107,108,109,110,111,112,113,114,115,116,117,118,119,120,121,122)));
set _I = (select char(elt(round(rand()*61)+1,48,49,50,51,52,53,54,55,56,57,65,66,67,68,69,70,71,72,73,74,75,76,77,78,79,80,81,82,83,84,85,86,87,88,89,90,97,98,99,100,101,102,103,104,105,106,107,108,109,110,111,112,113,114,115,116,117,118,119,120,121,122)));
set _J = (select char(elt(round(rand()*61)+1,48,49,50,51,52,53,54,55,56,57,65,66,67,68,69,70,71,72,73,74,75,76,77,78,79,80,81,82,83,84,85,86,87,88,89,90,97,98,99,100,101,102,103,104,105,106,107,108,109,110,111,112,113,114,115,116,117,118,119,120,121,122)));
set _K = (select char(elt(round(rand()*61)+1,48,49,50,51,52,53,54,55,56,57,65,66,67,68,69,70,71,72,73,74,75,76,77,78,79,80,81,82,83,84,85,86,87,88,89,90,97,98,99,100,101,102,103,104,105,106,107,108,109,110,111,112,113,114,115,116,117,118,119,120,121,122)));
set _L = (select char(elt(round(rand()*61)+1,48,49,50,51,52,53,54,55,56,57,65,66,67,68,69,70,71,72,73,74,75,76,77,78,79,80,81,82,83,84,85,86,87,88,89,90,97,98,99,100,101,102,103,104,105,106,107,108,109,110,111,112,113,114,115,116,117,118,119,120,121,122)));
set _M = (select char(elt(round(rand()*61)+1,48,49,50,51,52,53,54,55,56,57,65,66,67,68,69,70,71,72,73,74,75,76,77,78,79,80,81,82,83,84,85,86,87,88,89,90,97,98,99,100,101,102,103,104,105,106,107,108,109,110,111,112,113,114,115,116,117,118,119,120,121,122)));
set _N = (select char(elt(round(rand()*61)+1,48,49,50,51,52,53,54,55,56,57,65,66,67,68,69,70,71,72,73,74,75,76,77,78,79,80,81,82,83,84,85,86,87,88,89,90,97,98,99,100,101,102,103,104,105,106,107,108,109,110,111,112,113,114,115,116,117,118,119,120,121,122)));
set _O = (select char(elt(round(rand()*61)+1,48,49,50,51,52,53,54,55,56,57,65,66,67,68,69,70,71,72,73,74,75,76,77,78,79,80,81,82,83,84,85,86,87,88,89,90,97,98,99,100,101,102,103,104,105,106,107,108,109,110,111,112,113,114,115,116,117,118,119,120,121,122)));
set _P = (select char(elt(round(rand()*61)+1,48,49,50,51,52,53,54,55,56,57,65,66,67,68,69,70,71,72,73,74,75,76,77,78,79,80,81,82,83,84,85,86,87,88,89,90,97,98,99,100,101,102,103,104,105,106,107,108,109,110,111,112,113,114,115,116,117,118,119,120,121,122)));
set _Q = (select char(elt(round(rand()*61)+1,48,49,50,51,52,53,54,55,56,57,65,66,67,68,69,70,71,72,73,74,75,76,77,78,79,80,81,82,83,84,85,86,87,88,89,90,97,98,99,100,101,102,103,104,105,106,107,108,109,110,111,112,113,114,115,116,117,118,119,120,121,122)));
set _R = (select char(elt(round(rand()*61)+1,48,49,50,51,52,53,54,55,56,57,65,66,67,68,69,70,71,72,73,74,75,76,77,78,79,80,81,82,83,84,85,86,87,88,89,90,97,98,99,100,101,102,103,104,105,106,107,108,109,110,111,112,113,114,115,116,117,118,119,120,121,122)));
set _S = (select char(elt(round(rand()*61)+1,48,49,50,51,52,53,54,55,56,57,65,66,67,68,69,70,71,72,73,74,75,76,77,78,79,80,81,82,83,84,85,86,87,88,89,90,97,98,99,100,101,102,103,104,105,106,107,108,109,110,111,112,113,114,115,116,117,118,119,120,121,122)));
set _T = (select char(elt(round(rand()*61)+1,48,49,50,51,52,53,54,55,56,57,65,66,67,68,69,70,71,72,73,74,75,76,77,78,79,80,81,82,83,84,85,86,87,88,89,90,97,98,99,100,101,102,103,104,105,106,107,108,109,110,111,112,113,114,115,116,117,118,119,120,121,122)));

set _result = concat(_A,_B,_C,_D,_E,_F,_G,_H,_I,_J,_K,_L,_M,_N,_O,_P,_Q,_R,_S,_T);

return _result;

END $$
delimiter ;

select db_app.fn_id();
